0000008
1884008
8043412
8041413
1208014
1884108
0000116
0000117
8600018
0000108
804141A
000001B
0C94308
0000000
0000008
000000F
0411008
0000000
0000022
4080323
0411808
0000000
0000026
0000027
40000A8
0000000
40000AA
000002B
0000000
1900008
0000000
0000000
0000000
0000000
0000008
00000C8
0416008
0000000
0000008
0000008
2100038
0000000
810003A
000003B
0000000
0000008
0000000
0000000
0000000
0000000
0000000
0000000
0000000
0000000
0000000
0000000
0000020
0000000
400009D
000002D
0000000
0000000
0000000
0000000

